animal\1116.jpg
309 832 339 783
1 1199 2 900
157 1005 1 900
animal\1119.jpg
516 1131 193 642
459 932 81 900
315 1016 111 900
animal\11425.jpg
145 898 91 1170
1 900 1 1153
145 833 12 1341
animal\11427.jpg
251 870 9 1098
1 708 14 1121
116 853 1 1200
animal\11430.jpg
1 900 152 892
85 890 1 927
90 900 21 1200
animal\11446.jpg
174 900 30 1200
200 769 32 725
156 864 16 1200
animal\11457.jpg
108 900 95 1200
64 815 278 1200
1 535 1 1200
animal\119.jpg
181 580 89 384
2 580 2 430
1 580 85 419
animal\12915.jpg
60 508 1 800
41 532 1 741
52 480 1 800
animal\12916.jpg
72 531 72 800
1 532 52 800
142 532 20 800
animal\13080.jpg
136 683 1 992
4 683 5 925
93 683 1 1002
animal\13116.jpg
57 600 39 702
17 579 19 721
41 571 59 725
animal\14727.jpg
72 497 44 635
47 467 75 660
79 501 40 670
animal\14729.jpg
130 465 140 573
88 500 136 579
181 502 1 579
animal\14734.jpg
1 421 97 456
1 421 145 563
12 421 116 475
animal\14752.jpg
1 421 23 549
1 421 30 567
22 421 36 567
animal\15770.jpg
1 398 1 244
11 398 44 300
37 398 1 257
animal\15785.jpg
23 300 1 400
1 300 62 400
39 287 1 400
animal\15834.jpg
18 326 36 503
1 323 1 550
50 311 4 550
animal\161178.jpg
1 480 1 581
1 471 1 625
64 435 10 640
animal\162237.jpg
1 493 18 611
1 479 1 631
17 493 35 631
animal\162559.jpg
1 593 2 511
1 627 4 516
13 627 11 516
animal\162819.jpg
1 463 1 597
2 497 1 597
23 462 5 597
animal\16630.jpg
182 991 77 826
210 972 1 861
26 1130 17 885
animal\16653.jpg
1 877 114 1200
123 900 1 1020
114 822 3 1200
animal\16655.jpg
1 900 80 876
1 897 1 772
257 892 8 1192
animal\16667.jpg
1 345 72 604
42 359 145 604
1 357 1 604
animal\17091.jpg
1 417 65 661
102 387 1 717
50 391 18 717
animal\17102.jpg
11 768 1 1024
180 768 165 969
19 768 6 1024
animal\17134.jpg
41 768 147 791
88 768 38 954
121 594 11 1024
animal\17141.jpg
18 367 12 490
8 367 4 490
24 367 1 490
animal\18311.jpg
95 475 46 450
129 475 4 450
171 456 1 440
animal\18519_h.jpg
1 351 50 511
2 351 12 511
15 351 20 511
animal\18546.jpg
42 447 1 525
164 510 1 524
75 458 1 525
animal\18626.jpg
21 531 76 640
3 560 1 638
28 558 112 631
animal\187843.jpg
6 336 1 375
2 317 1 322
10 336 16 400
animal\188756_h.jpg
1 612 1 459
3 612 5 472
12 612 8 472
animal\189036.jpg
67 409 12 605
15 409 1 640
72 385 31 640
animal\189052_h.jpg
1 640 1 553
1 640 1 553
13 640 10 553
animal\18966.jpg
74 587 1 320
311 587 1 320
6 587 20 320
animal\18985.jpg
20 359 1 491
1 359 1 640
26 315 1 640
animal\19017.jpg
1 260 1 195
1 260 1 195
1 260 42 195
animal\19102.jpg
1 582 1 480
140 451 51 362
2 640 28 400
animal\19114.jpg
1 480 1 446
5 480 1 399
1 480 10 327
animal\19179.jpg
126 445 88 559
133 464 1 640
97 341 3 640
animal\19212.jpg
1 414 1 600
1 414 1 600
108 385 12 600
animal\23996.jpg
1 836 1 958
1 867 27 934
21 823 19 1018
animal\24007.jpg
95 713 1 789
13 713 2 832
122 713 6 760
animal\24016.jpg
21 671 1 1000
197 646 43 921
177 625 15 1000
animal\24017.jpg
1 563 174 1000
28 560 1 785
1 563 14 998
animal\25669.jpg
127 900 176 1200
109 900 185 1200
128 900 166 1200
animal\25679.jpg
160 870 85 1123
1 867 38 980
100 747 2 1200
animal\25878.jpg
26 400 1 604
38 395 1 600
33 356 1 604
animal\25899.jpg
29 565 1 780
130 491 1 800
62 552 6 800
animal\25906_h.jpg
60 473 171 800
25 482 117 800
64 422 1 800
animal\26370.jpg
1 518 33 800
9 537 35 751
19 537 20 800
animal\26376.jpg
33 600 10 646
41 600 17 800
53 600 13 800
animal\26647.jpg
49 352 465 800
24 352 428 800
55 407 150 800
animal\27544.jpg
1 600 79 755
1 600 76 768
41 600 88 569
animal\30113.jpg
1 790 92 1105
73 900 27 978
1 803 124 1069
animal\30132.jpg
1 784 1 1200
32 801 32 1200
19 805 497 1200
animal\33686.jpg
173 1066 121 834
356 889 316 900
55 932 64 770
animal\33722.jpg
1 453 139 521
17 432 80 604
1 448 1 604
animal\36301.jpg
1 480 89 614
4 480 1 640
103 427 46 600
animal\36700_h.jpg
28 489 1 640
16 464 1 640
48 438 31 607
animal\36742_h.jpg
136 474 1 488
147 427 1 484
148 427 56 584
animal\36800.jpg
1 620 70 519
9 527 6 519
10 527 110 519
animal\3748.jpg
115 900 1 1172
43 896 12 1200
1 900 1 1200
animal\38382.jpg
37 534 24 764
1 434 39 800
40 465 28 725
animal\38416.jpg
101 483 57 615
66 510 17 574
66 472 98 640
animal\38451.jpg
88 517 94 648
52 511 104 800
45 525 71 800
animal\38452.jpg
1 689 5 525
1 685 1 534
1 713 19 534
animal\38692.jpg
1 264 53 275
1 264 17 277
26 264 82 277
animal\3912.jpg
46 452 74 410
11 452 61 604
18 452 1 604
animal\3913.jpg
1 366 1 558
1 452 3 593
1 353 12 581
animal\39148.jpg
1 352 40 482
1 352 70 500
1 352 39 498
animal\39161.jpg
1 329 1 500
6 329 1 500
1 329 1 500
animal\39181.jpg
1 641 1 938
9 663 18 920
41 664 35 942
animal\39182.jpg
1 465 209 991
1 497 228 933
8 504 236 991
animal\39198.jpg
162 694 64 839
143 640 1 903
173 710 53 950
animal\39203.jpg
1 423 29 588
4 258 18 604
3 453 39 604
animal\40114.jpg
50 418 1 640
12 412 58 501
43 418 22 603
animal\40116.jpg
1 434 185 558
66 434 1 640
10 434 6 640
animal\41514.jpg
28 242 1 343
20 242 4 363
27 208 1 363
animal\41531.jpg
35 391 83 604
2 404 5 604
18 374 31 604
animal\435810.jpg
1 535 62 444
1 551 1 444
6 527 1 444
animal\436012.jpg
21 640 1 525
30 640 1 557
4 640 1 547
animal\436918.jpg
8 580 1 399
6 640 7 427
8 640 3 427
animal\437877.jpg
1 581 1 361
1 581 2 410
3 581 1 410
animal\45591.jpg
1 877 269 858
3 900 25 1328
235 736 423 705
animal\45595.jpg
1 828 1 967
27 553 509 832
18 575 358 817
animal\48243.jpg
186 545 161 645
1 520 1 800
120 539 3 733
animal\48519.jpg
1 351 39 515
1 351 1 522
1 351 152 489
animal\48524.jpg
24 502 1 402
1 528 32 402
35 537 80 402
animal\48534.jpg
1 402 91 579
2 402 1 604
2 355 30 604
animal\48550.jpg
1 355 59 604
7 387 5 604
2 402 1 604
animal\485603.jpg
1 620 63 620
3 620 2 620
4 620 2 620
animal\48574.jpg
1 339 1 510
2 339 1 569
3 339 4 537
animal\48990.jpg
1 573 73 900
196 570 172 787
1 600 107 900
animal\49010.jpg
105 568 99 749
83 568 2 713
1 568 339 756
animal\49011.jpg
223 581 323 604
44 600 7 731
39 600 266 642
animal\49033.jpg
80 569 47 727
11 600 1 898
100 600 1 900
animal\49037.jpg
213 600 135 686
82 600 125 900
10 600 134 662
animal\5121.jpg
69 487 246 827
43 521 1 853
8 477 76 853
animal\51219.jpg
1 600 145 615
10 600 42 800
32 563 84 742
animal\5122.jpg
60 480 173 796
30 475 1 853
32 480 24 853
animal\51225.jpg
34 800 1 600
397 800 107 600
1 800 1 600
animal\5156.jpg
67 566 1 853
64 566 3 853
1 566 1 853
animal\5168.jpg
9 443 253 571
66 431 4 770
1 484 244 600
animal\5173.jpg
9 476 86 779
1 566 1 853
10 469 5 853
animal\5182.jpg
1 566 191 683
7 566 6 612
8 566 168 558
animal\554087.jpg
54 605 1 406
3 640 2 426
5 640 3 426
animal\555181.jpg
1 550 22 442
2 550 1 578
2 550 1 578
animal\556238.jpg
1 451 25 640
1 449 1 640
5 447 6 640
animal\561_h.jpg
89 580 36 386
1 580 1 580
275 580 1 497
animal\56471.jpg
117 316 130 403
36 260 1 400
43 270 7 451
animal\56474.jpg
16 417 115 461
1 411 1 529
4 417 147 434
animal\56920.jpg
24 525 1 700
5 458 1 700
18 267 6 700
animal\57227.jpg
1 453 108 412
3 453 2 424
3 453 1 415
animal\596502.jpg
1 484 1 376
1 526 1 403
1 526 1 403
animal\597919.jpg
17 305 227 624
1 408 1 640
1 408 1 640
animal\6259.jpg
208 770 106 972
136 607 78 952
126 645 1 1066
animal\6284.jpg
152 790 113 978
214 647 1 1067
2 800 6 1067
animal\63164.jpg
28 380 51 633
7 388 24 633
22 331 3 633
animal\638769.jpg
19 434 1 634
1 267 1 362
1 454 1 634
animal\64569.jpg
1 480 82 624
1 480 1 550
2 480 58 640
animal\64610.jpg
53 534 206 609
49 534 74 800
64 534 245 591
animal\64614.jpg
103 626 10 377
1 633 11 473
1 633 1 473
animal\67526.jpg
1 900 86 1138
2 900 3 1169
1 900 1 1169
animal\67590.jpg
1 900 65 983
3 900 1 1200
1 890 79 1001
animal\67785.jpg
12 598 227 1122
86 611 190 1034
15 794 197 1200
animal\67788.jpg
138 704 164 1002
48 779 191 1151
207 695 220 1070
animal\67798.jpg
1 849 36 1196
9 900 1 1194
1 900 40 1186
animal\68216.jpg
29 1040 18 881
2 1035 4 894
79 1040 72 793
architecture\10469.jpg
1 988 1 850
1 1039 1 900
16 1033 1 885
architecture\10486.jpg
69 895 1 1200
35 896 1 1200
144 791 1 1200
architecture\10487.jpg
1 1115 1 900
90 966 27 893
201 1000 2 900
architecture\10495.jpg
167 874 153 1152
63 870 2 1200
190 846 3 1200
architecture\10551.jpg
17 810 63 1200
13 804 10 1200
1 886 63 1200
architecture\10854.jpg
141 1000 33 644
29 1050 11 670
37 956 40 606
architecture\10877.jpg
26 1024 60 702
3 1024 1 701
1 925 60 618
architecture\11693.jpg
1 1183 214 775
5 1128 86 827
124 1200 21 900
architecture\11698.jpg
1 846 20 1170
22 818 55 1104
62 812 62 1118
architecture\11726.jpg
1 760 26 1185
296 699 214 843
1 645 228 1200
architecture\11758.jpg
67 401 1 604
49 431 1 604
92 365 3 604
architecture\11763.jpg
1 287 1 604
38 294 1 604
37 356 1 604
architecture\11766.jpg
25 394 18 604
40 370 21 604
30 351 9 604
architecture\12010.jpg
30 422 1 600
16 422 3 571
77 422 1 600
architecture\12020.jpg
1 600 40 450
127 377 1 349
21 600 1 450
architecture\12038.jpg
70 964 1 683
70 966 3 683
2 1000 153 683
architecture\1307.jpg
1 714 1 1126
1 611 85 1015
82 714 1 1200
architecture\1329.jpg
156 777 1 1198
278 675 1 908
335 665 6 1200
architecture\13423.jpg
11 590 1 720
9 573 2 720
4 601 44 709
architecture\13477.jpg
1 603 1 509
4 621 7 509
16 708 15 509
architecture\1350.jpg
1 898 32 1054
1 900 63 944
18 900 60 1045
architecture\1353.jpg
48 1044 1 900
223 1056 1 900
194 1033 1 900
architecture\1354.jpg
1 873 1 1200
53 900 99 1200
163 780 3 1200
architecture\13547.jpg
17 452 1 306
33 469 16 306
39 469 9 306
architecture\13552.jpg
64 450 1 640
47 429 1 640
47 409 17 640
architecture\1357.jpg
33 789 131 1200
165 837 2 1200
117 818 6 1200
architecture\136035.jpg
1 446 13 634
56 457 1 634
1 516 56 619
architecture\13608_h.jpg
1 471 1 640
1 471 1 640
1 471 9 640
architecture\13625.jpg
47 324 1 640
57 283 1 640
1 324 14 640
architecture\13641.jpg
1 496 1 591
1 521 1 591
1 491 3 591
architecture\13659.jpg
1 640 43 480
148 640 4 480
15 640 13 480
architecture\136700.jpg
26 319 1 636
2 319 2 636
6 287 3 636
architecture\136917.jpg
1 640 1 469
6 640 1 469
1 640 17 354
architecture\13691_h.jpg
198 628 1 640
83 631 1 640
4 631 117 492
architecture\137059.jpg
1 590 1 423
1 634 1 423
10 634 1 423
architecture\137131_h.jpg
1 622 1 441
4 622 1 441
1 620 22 432
architecture\13723.jpg
1 167 1 270
1 190 1 255
17 167 5 270
architecture\13830_h.jpg
19 445 1 633
19 446 1 633
74 410 1 610
architecture\164317.jpg
12 335 1 640
19 353 1 640
3 353 11 640
architecture\164463.jpg
18 454 14 637
1 472 1 640
14 472 12 640
architecture\165381_h.jpg
55 436 1 605
11 436 1 618
60 433 1 618
architecture\166027_h.jpg
20 485 29 640
26 485 1 640
80 453 1 640
architecture\17255.jpg
1 922 55 624
7 922 105 601
6 922 61 599
architecture\21048.jpg
44 773 1 600
40 770 3 600
56 773 13 547
architecture\21057.jpg
1 864 52 1200
396 864 30 1199
12 864 62 1132
architecture\21062.jpg
12 441 1 640
1 398 1 639
53 427 3 640
architecture\21089.jpg
1 556 46 480
138 556 1 480
8 556 29 362
architecture\21092.jpg
17 469 1 640
1 480 24 640
44 436 3 640
architecture\21109.jpg
22 615 1 480
4 640 2 480
1 640 8 480
architecture\21124.jpg
1 600 13 757
28 600 1 800
21 600 8 798
architecture\2120_h.jpg
30 660 1 420
250 660 1 420
37 660 6 420
architecture\21827.jpg
1 900 28 1158
4 900 2 1132
24 900 1 1138
architecture\22719.jpg
1 971 29 750
1 971 18 576
19 971 75 704
architecture\22733.jpg
25 686 1 963
14 658 1 1000
93 652 22 1000
architecture\22739.jpg
1 716 20 1000
1 750 1 1000
4 750 62 869
architecture\2491.jpg
1 689 373 986
18 689 1 1062
1 620 10 1062
architecture\25068.jpg
23 967 17 750
557 967 1 750
21 967 162 750
architecture\25074.jpg
1 750 100 1000
16 562 139 987
21 745 206 949
architecture\25081.jpg
99 750 1 1000
112 648 106 933
1 750 1 927
architecture\25091.jpg
1 750 1 958
4 750 6 936
2 750 17 965
architecture\2547.jpg
1 888 12 792
1 888 65 763
21 888 66 681
architecture\28468.jpg
97 900 1 1164
205 900 3 943
30 900 189 1200
architecture\30195.jpg
33 480 1 640
37 402 1 618
1 390 1 640
architecture\338628.jpg
1 454 11 640
12 465 3 640
18 465 62 576
architecture\33905.jpg
1 453 1 604
8 452 6 604
1 453 1 604
architecture\33906.jpg
48 449 54 604
48 449 1 604
1 449 1 604
architecture\33912.jpg
1 373 1 595
4 392 1 552
15 392 57 604
architecture\33919.jpg
20 408 23 604
34 400 27 604
55 350 1 386
architecture\33923.jpg
1 436 97 499
5 436 78 505
1 436 77 505
architecture\33931.jpg
1 453 1 604
7 453 8 604
33 453 9 593
architecture\33934.jpg
1 441 1 604
44 379 1 604
51 372 2 604
architecture\33942.jpg
71 403 1 604
75 320 2 604
33 312 6 604
architecture\33945.jpg
66 403 1 604
123 403 5 604
133 375 4 604
architecture\33946.jpg
15 352 1 604
68 304 3 604
45 310 1 604
architecture\339671.jpg
1 427 1 640
3 427 1 640
18 377 61 593
architecture\339883.jpg
1 608 1 640
1 630 1 640
1 630 1 640
architecture\38047.jpg
21 694 1 534
1 694 1 534
33 694 10 534
architecture\38060.jpg
15 525 56 754
11 533 135 719
3 505 1 764
architecture\38099.jpg
8 531 1 776
11 534 4 800
28 487 35 794
architecture\38827.jpg
1 902 1 600
1 902 1 600
1 902 1 600
architecture\39385.jpg
53 453 1 599
84 453 1 604
58 450 1 604
architecture\45666.jpg
1 900 121 1272
10 900 58 1194
6 900 141 1235
architecture\47040.jpg
46 433 17 604
5 453 1 604
25 419 2 604
architecture\48901.jpg
69 798 1 507
81 798 2 513
61 798 1 487
architecture\48903.jpg
67 545 19 800
31 474 6 648
55 545 46 765
architecture\48913.jpg
1 599 1 400
1 599 1 400
20 379 8 400
architecture\48930.jpg
46 600 1 800
243 600 1 543
68 600 1 800
architecture\49681.jpg
1 520 1 800
1 383 1 800
10 420 3 800
architecture\49696.jpg
1 600 131 800
198 600 209 800
6 367 10 630
architecture\49698.jpg
1 570 19 789
1 322 4 528
10 570 5 800
architecture\49705.jpg
1 580 1 800
1 580 1 800
1 570 3 800
architecture\49713.jpg
1 553 7 450
1 545 1 450
3 600 53 450
architecture\49720.jpg
1 468 26 726
1 462 32 727
1 467 46 661
architecture\51291.jpg
1 539 21 800
1 539 1 800
1 538 1 800
architecture\51317.jpg
50 600 26 771
23 600 4 800
75 600 3 800
architecture\5309.jpg
1 480 46 795
1 480 35 853
8 480 1 853
architecture\5346.jpg
1 765 1 480
7 849 6 480
1 849 2 480
architecture\5355.jpg
1 480 21 853
3 349 1 853
4 194 1 853
architecture\5367.jpg
1 413 31 853
1 413 1 853
3 413 2 853
architecture\551.jpg
1 640 1 480
1 640 1 480
3 640 1 480
architecture\57917.jpg
63 375 1 500
2 375 3 500
88 375 1 500
architecture\57920.jpg
48 375 141 387
2 375 1 500
24 375 116 350
architecture\57929.jpg
40 328 45 451
4 375 1 500
4 301 1 500
architecture\57932.jpg
97 375 1 500
116 375 1 500
94 375 2 500
architecture\59147.jpg
1 575 1 840
1 599 1 853
1 597 16 843
architecture\594.jpg
1 394 1 532
1 394 2 564
1 389 1 564
architecture\597_h.jpg
1 597 1 480
11 640 6 475
1 640 1 480
architecture\598.jpg
1 640 1 480
2 640 3 480
8 640 4 480
architecture\59894.jpg
19 506 1 800
15 531 1 762
30 487 1 800
architecture\60637.jpg
18 225 1 400
1 221 1 395
4 223 1 400
architecture\60646.jpg
1 225 8 400
5 225 1 400
4 225 1 400
architecture\60653.jpg
31 673 1 400
4 678 3 400
1 650 13 400
architecture\62339.jpg
1 372 54 619
21 371 60 640
22 460 73 640
architecture\632738.jpg
56 383 1 629
19 378 12 626
2 383 1 629
architecture\639328.jpg
12 396 17 624
8 420 9 626
33 305 7 636
architecture\639345.jpg
9 491 11 606
10 493 9 610
11 494 10 607
architecture\70330.jpg
37 900 1 1200
1 900 5 899
341 900 70 1200
architecture\70335.jpg
1 900 64 1200
1 621 1 1090
1 900 1 1200
architecture\70336.jpg
159 900 34 1200
1 900 32 1196
1 900 1 1200
architecture\70415.jpg
16 400 6 533
1 400 3 533
1 400 1 533
architecture\70426.jpg
11 829 1 1200
1 599 1 1200
1 829 1 1200
architecture\70427.jpg
1 891 40 1200
1 891 1 1194
1 891 279 1030
architecture\70436.jpg
1 900 45 1200
1 900 4 888
4 900 2 756
architecture\70853.jpg
1 868 72 1200
2 689 59 1200
1 809 70 1200
architecture\71186.jpg
1 434 17 640
1 467 1 640
2 467 1 640
architecture\71189.jpg
1 558 1 480
1 547 6 480
1 610 1 480
architecture\735585.jpg
1 505 1 720
1 561 1 720
1 438 1 720
architecture\735906.jpg
1 441 1 720
6 478 4 720
2 478 1 720
architecture\75693.jpg
217 600 1 800
174 599 1 800
222 600 1 800
architecture\75708.jpg
79 481 1 800
60 450 1 800
52 398 1 800
architecture\79037.jpg
70 800 1 1066
1 799 1 1066
1 800 1 1066
architecture\79048.jpg
142 800 1 1066
1 799 3 1066
250 800 4 1066
architecture\79049.jpg
1 589 1 1038
1 717 1 1066
1 717 1 313
architecture\79050.jpg
50 800 1 1066
9 796 1 1066
2 800 1 1066
architecture\79055.jpg
1 800 46 1066
78 800 1 1066
4 800 4 1066
architecture\DSC00260.jpg
1 802 1 1440
4 802 1 1434
336 800 491 1422
human\11494.jpg
1 900 359 1089
1 900 5 1200
96 877 239 1200
human\11666.jpg
189 810 311 1207
136 810 201 1207
222 810 141 1207
human\13682.jpg
1 764 1 600
238 800 1 600
130 800 82 600
human\13686.jpg
94 438 144 565
29 448 1 596
53 450 177 580
human\167353.jpg
1 620 83 541
3 617 3 540
4 620 172 496
human\167520.jpg
1 457 5 462
1 457 1 640
53 418 4 637
human\167585.jpg
65 480 57 626
2 480 3 640
16 479 176 559
human\167821.jpg
1 602 1 465
1 598 1 463
6 602 2 465
human\17038.jpg
113 450 158 456
64 450 48 569
6 450 9 600
human\1827.jpg
50 459 1 640
10 450 5 640
1 473 1 262
human\1830.jpg
1 602 1 427
5 638 8 480
4 640 1 480
human\1909.jpg
1 602 93 480
121 579 3 480
15 602 62 458
human\20351.jpg
1 562 320 757
7 563 39 899
46 507 101 1000
human\20353.jpg
28 750 29 916
1 746 24 928
15 678 22 1000
human\20870.jpg
86 900 69 1069
16 900 105 1111
57 863 8 1200
human\20905.jpg
245 871 1 572
238 871 208 600
1 871 95 578
human\20912.jpg
1 599 1 750
3 600 3 776
1 600 13 738
human\20957.jpg
138 740 130 600
101 738 1 600
42 740 22 600
human\22374.jpg
56 790 1 1203
130 792 14 1140
1 788 211 858
human\22445.jpg
1 800 1 996
1 800 1 1007
1 800 12 996
human\22473.jpg
38 798 123 1067
10 800 45 1067
23 800 135 1067
human\227851.jpg
1 459 1 620
1 459 1 620
1 459 2 620
human\228978.jpg
1 413 1 345
1 413 1 420
6 413 1 355
human\23938.jpg
56 1199 21 868
2 1199 10 891
123 1140 45 795
human\24167.jpg
73 480 1 625
60 467 2 624
45 480 4 640
human\24289.jpg
1 611 12 983
6 669 1 982
90 669 4 1000
human\24304.jpg
23 1000 1 695
32 1000 1 695
50 1000 17 712
human\24309.jpg
1 867 101 661
1 921 1 699
15 900 2 669
human\24330.jpg
19 646 120 927
33 646 28 941
33 646 111 1000
human\24334.jpg
36 719 107 992
39 719 23 1000
57 652 131 1000
human\24341.jpg
1 750 108 973
1 675 62 985
1 749 51 985
human\24361.jpg
108 750 70 1000
108 728 1 1000
110 750 119 963
human\24395.jpg
47 900 189 965
10 895 3 1191
84 900 146 1040
human\24441.jpg
1 723 1 977
20 715 1 1000
4 732 46 1000
human\24446.jpg
70 750 253 744
35 750 235 963
1 750 282 770
human\24735.jpg
296 1110 147 700
292 1169 30 795
1 1074 108 738
human\24746.jpg
1 879 137 1016
1 879 49 1094
7 882 126 1004
human\24753.jpg
118 1181 78 820
156 951 58 900
138 1049 50 868
human\24792.jpg
46 1200 37 876
1 1196 9 886
1 1200 91 837
human\25037.jpg
1 640 1 477
3 640 1 520
14 619 8 520
human\25141.jpg
117 1200 227 875
1 1198 1 873
128 1200 1 900
human\25240.jpg
66 987 46 742
45 1002 23 809
70 1200 79 823
human\25279.jpg
1 320 1 320
1 320 1 320
1 320 1 320
human\3012.jpg
1 423 1 622
2 423 1 618
158 422 9 650
human\3024.jpg
1 480 1 612
61 480 124 640
10 480 14 640
human\3033.jpg
71 480 12 628
99 480 1 640
13 480 1 640
human\3049.jpg
94 639 47 430
67 639 1 430
10 639 90 430
human\319.jpg
18 465 16 609
3 465 1 623
48 378 1 640
human\320900.jpg
1 484 1 484
1 487 1 577
48 392 9 591
human\321965_h.jpg
1 445 1 630
1 445 1 630
6 445 1 630
human\33604.jpg
35 440 1 604
60 430 1 604
86 418 1 604
human\33606.jpg
69 355 1 589
23 366 1 590
59 314 7 604
human\33609.jpg
8 447 1 599
1 447 1 602
1 447 9 604
human\33646.jpg
71 900 43 1165
1 900 15 1200
2 900 41 1200
human\3601.jpg
68 900 37 1200
45 818 4 1200
52 843 53 1200
human\3606.jpg
107 900 52 1186
48 900 37 1200
35 900 35 1200
human\3608.jpg
84 900 147 1029
67 900 96 1093
6 900 119 1034
human\3624.jpg
1 900 1 1200
316 830 310 945
199 818 6 1187
human\3627.jpg
1 900 100 1050
89 900 90 1012
1 900 88 1030
human\3632.jpg
1 900 1 1200
1 900 243 925
1 900 1 1010
human\3647.jpg
1 900 65 1200
68 900 81 1200
7 900 3 1200
human\3658.jpg
78 778 39 1200
1 588 14 950
1 779 64 1199
human\3663.jpg
54 900 1 1023
52 900 29 928
1 900 201 919
human\381.jpg
1 480 17 551
4 480 4 640
3 480 1 640
human\392.jpg
53 480 138 640
5 480 1 591
28 480 56 640
human\4048.jpg
34 434 1 531
42 449 2 570
1 453 125 484
human\4068.jpg
41 577 32 401
12 590 22 401
48 530 55 337
human\4071.jpg
36 401 63 575
6 401 8 604
51 339 61 558
human\4073.jpg
86 401 1 470
31 400 1 518
125 401 5 448
human\4074.jpg
49 401 7 559
56 401 5 562
93 401 1 531
human\4084.jpg
1 401 145 456
1 401 1 532
18 401 141 475
human\40942.jpg
1 333 1 604
1 352 2 604
8 349 6 604
human\40973.jpg
20 351 12 576
18 351 34 572
1 351 1 604
human\4103.jpg
43 453 130 454
1 453 7 457
60 453 117 431
human\422210_h.jpg
51 640 1 427
76 538 2 427
20 606 5 427
human\422305.jpg
10 558 24 427
2 640 2 427
10 640 25 427
human\422426.jpg
1 576 1 457
1 640 3 457
3 594 3 455
human\422486.jpg
1 427 1 452
1 427 2 640
8 427 9 276
human\45453.jpg
1 586 1 437
9 586 7 453
11 586 1 442
human\483871_h.jpg
1 427 1 616
2 427 1 640
1 427 6 640
human\485735_h.jpg
1 426 1 640
3 426 4 640
5 426 4 640
human\5202.jpg
95 625 32 834
71 625 6 853
86 625 25 809
human\5211.jpg
1 375 222 853
14 331 1 853
1 335 6 853
human\5219.jpg
3 480 175 844
13 480 193 853
23 480 148 822
human\5230.jpg
36 480 136 818
54 434 1 853
71 465 10 853
human\53158.jpg
35 400 1 600
1 400 1 600
28 398 41 575
human\53168.jpg
1 406 1 600
3 327 2 600
10 382 1 600
human\555045_h.jpg
1 427 21 623
1 427 3 640
6 427 7 640
human\555203_h.jpg
44 409 60 624
2 409 3 624
6 409 164 624
human\56040.jpg
2 371 51 600
102 450 1 600
15 327 1 600
human\56843.jpg
1 442 1 546
1 450 106 600
3 446 62 566
human\59679.jpg
1 216 13 287
1 213 1 287
1 216 1 284
human\618315_h.jpg
12 360 19 588
1 372 1 627
1 378 1 630
human\618777.jpg
1 597 1 390
1 597 3 390
6 597 2 390
human\619656.jpg
1 427 1 640
6 427 3 640
1 427 2 640
human\62283.jpg
1 429 44 624
6 429 16 640
87 429 3 640
human\63026.jpg
108 628 20 432
17 628 1 465
1 628 1 465
human\6340.jpg
95 665 167 578
22 700 89 766
80 700 158 570
human\6358.jpg
1 665 1 1021
161 659 1 870
1 667 1 1063
human\6373.jpg
66 1067 1 783
87 816 5 669
1 1067 1 800
human\6382.jpg
1 705 1 992
43 777 27 970
26 773 25 1009
human\6390.jpg
40 800 31 1358
1 792 1 1380
10 800 3 1422
human\6392.jpg
1 800 42 822
4 800 1 1069
4 800 1 1069
human\6399.jpg
1 1069 1 800
357 1027 1 800
26 1069 87 752
human\6408.jpg
1 800 33 1380
1 799 114 1421
24 791 1 1422
human\64353.jpg
11 293 9 552
7 293 8 634
8 293 13 632
human\6438.jpg
36 800 1 1066
25 800 63 1066
28 786 1 1066
human\643_h.jpg
1 580 67 509
1 580 1 580
11 580 65 507
human\64428.jpg
1 596 22 496
2 593 10 491
1 596 1 496
human\6446.jpg
129 780 542 1054
289 702 294 1067
114 633 8 1067
human\64566.jpg
21 567 1 426
1 567 1 426
2 567 2 426
human\6486.jpg
27 767 189 775
1 755 108 1058
1 767 226 870
human\64911.jpg
18 375 117 379
10 368 6 498
45 375 84 443
human\6497.jpg
19 800 112 1064
63 785 181 1064
81 800 131 955
human\6538.jpg
1 800 1 1059
327 795 9 910
7 800 15 1059
human\6557.jpg
103 800 1 1065
159 800 1 1065
132 800 4 1065
human\65885.jpg
48 898 3 1203
1 896 2 1203
122 897 28 1179
human\65897.jpg
22 900 93 1200
1 900 3 1200
1 900 395 1200
human\66052.jpg
25 900 251 982
196 893 94 1132
1 900 204 1005
human\66056.jpg
167 803 49 1075
123 803 7 1200
1 803 1 1200
human\6608.jpg
72 800 1 1067
42 800 66 957
99 800 144 1067
human\682016.jpg
16 457 34 631
1 457 1 640
8 457 136 640
human\682944_h.jpg
1 486 1 421
1 486 1 421
2 486 3 421
human\682973_h.jpg
1 640 1 426
1 640 1 436
1 640 1 436
human\68807.jpg
1 900 436 1200
163 786 155 1126
1 900 588 1200
human\69062.jpg
1 718 1 1119
1 732 1 862
308 900 281 1200
human\69190.jpg
38 900 1 1158
7 900 1 1179
1 900 1 1200
human\69770.jpg
1 900 1 1166
11 547 1 955
6 611 191 1200
human\70026.jpg
63 600 1 759
39 596 1 800
95 600 1 800
human\725352_h.jpg
37 618 1 423
1 632 1 423
1 632 2 423
human\77605.jpg
1 998 18 800
1 996 1 800
1 1066 1 800
human\77608.jpg
30 800 1 1066
3 800 2 1053
1 800 2 1066
human\77665.jpg
1 715 41 1066
2 715 41 1066
114 715 215 1066
landscape\10478_h.jpg
49 420 1 540
1 420 2 540
1 420 1 540
landscape\10733 (2)_h.jpg
51 367 34 580
1 367 1 580
90 367 1 580
landscape\10788_h.jpg
198 480 1 640
1 480 1 640
88 480 1 640
landscape\10856.jpg
22 414 1 640
1 480 1 640
34 480 8 640
landscape\1093.jpg
26 748 366 1200
57 862 89 1200
203 822 5 1197
landscape\1098.jpg
1 391 1 1173
1 709 5 1157
43 323 1 1200
landscape\11317_h.jpg
33 391 1 580
1 391 22 580
37 236 1 580
landscape\11559_h.jpg
93 350 2 580
3 350 3 580
84 338 5 580
landscape\12237.jpg
1 338 1 564
8 382 1 564
2 372 9 564
landscape\12287.jpg
144 424 1 593
92 424 13 593
122 424 1 593
landscape\12297.jpg
48 352 1 591
106 438 1 591
97 438 1 591
landscape\12319.jpg
40 442 1 604
60 452 1 603
6 431 3 604
landscape\12320.jpg
1 403 1 604
52 453 1 604
1 280 1 604
landscape\12321.jpg
26 444 51 597
98 444 1 601
115 441 1 604
landscape\1242_h.jpg
24 402 1 659
29 475 1 660
113 365 1 660
landscape\125731.jpg
1 446 1 326
1 446 4 346
2 446 21 350
landscape\13949.jpg
1 604 11 453
1 604 59 453
10 604 31 453
landscape\13964.jpg
21 419 1 604
43 373 1 604
135 441 12 604
landscape\19916.jpg
1 596 1 1024
1 676 1 1024
44 646 1 1024
landscape\19920.jpg
27 720 1 1024
69 768 1 1024
218 730 27 1001
landscape\20450.jpg
1 682 1 1000
3 639 1 1000
98 750 51 1000
landscape\20457.jpg
80 748 1 1000
75 619 1 1000
65 717 23 1000
landscape\20477.jpg
1 567 1 1000
41 655 1 1000
53 555 13 1000
landscape\20483.jpg
452 937 1 750
326 953 51 750
79 953 49 750
landscape\20489.jpg
24 612 63 644
19 1000 1 740
72 982 9 750
landscape\20492.jpg
278 780 1 664
305 1000 1 664
8 1000 13 664
landscape\20495.jpg
121 640 1 1000
157 538 2 1000
99 561 6 1000
landscape\20531.jpg
1 631 1 996
1 630 1 1000
12 750 8 1000
landscape\23946.jpg
29 737 3 908
4 650 1 1203
32 800 31 1203
landscape\23954.jpg
1 800 86 1151
1 800 1 896
13 800 1 1125
landscape\23982.jpg
86 736 1 995
169 630 1 1203
26 661 6 1203
landscape\23983.jpg
1 708 1 1203
42 661 259 1203
1 671 1 1203
landscape\24242.jpg
1 1200 1 900
1 1200 1 372
4 1200 33 525
landscape\24248.jpg
1 673 1 1200
3 658 70 1200
1 656 15 1200
landscape\24375.jpg
30 846 59 1143
381 887 2 1200
184 847 4 1200
landscape\24450.jpg
1 610 1 1200
1 897 21 1200
43 662 20 1198
landscape\2446.jpg
15 288 14 386
1 281 1 391
8 288 62 400
landscape\24475.jpg
40 900 1 1174
34 900 1 1185
154 835 23 1200
landscape\24479.jpg
99 1200 1 884
5 1200 141 647
14 1200 37 837
landscape\24489.jpg
1 1200 1 863
2 1200 1 716
1 1200 37 649
landscape\24495.jpg
65 868 111 1183
7 900 5 1200
168 741 117 1200
landscape\2458.jpg
18 399 1 299
1 399 3 291
1 399 3 299
landscape\24585.jpg
49 1200 1 900
2 1200 1 884
1 1200 1 900
landscape\24587.jpg
1 900 48 1186
5 900 1 1200
4 900 8 1200
landscape\24847.jpg
29 750 1 1000
139 643 1 1000
44 658 13 1000
landscape\25747.jpg
12 522 1 800
4 532 2 800
97 496 1 800
landscape\25768.jpg
1 532 20 774
122 532 1 800
130 532 5 800
landscape\26164.jpg
94 577 1 800
110 600 1 800
101 572 8 800
landscape\27005.jpg
1 456 90 777
18 455 1 799
19 429 9 800
landscape\27006.jpg
84 505 1 800
11 532 2 800
24 492 10 787
landscape\27015.jpg
31 500 1 800
80 500 2 800
62 500 10 800
landscape\27598.jpg
85 466 1 640
123 478 2 640
64 440 1 640
landscape\27605.jpg
1 1092 36 900
209 1092 1 900
13 1092 15 894
landscape\27651.jpg
210 856 221 1200
183 881 19 1179
12 900 46 1158
landscape\27655.jpg
177 826 1 1200
1 736 1 1183
73 725 1 1200
landscape\28456.jpg
67 572 1 800
67 468 3 788
1 585 42 800
landscape\29511.jpg
1 407 1 600
1 346 1 600
1 408 1 600
landscape\30310.jpg
35 686 25 912
90 537 1 911
95 684 21 912
landscape\30338.jpg
1 592 34 912
136 495 1 912
124 567 26 912
landscape\30341.jpg
1 570 1 910
11 685 375 910
1 682 1 910
landscape\30370.jpg
33 507 52 820
53 453 4 909
42 507 116 909
landscape\30375.jpg
1 595 1 914
238 595 1 914
1 595 1 914
landscape\30378.jpg
1 680 1 854
252 680 1 913
6 680 3 913
landscape\30384.jpg
1 567 20 895
197 567 2 913
5 567 11 913
landscape\30402.jpg
1 480 32 619
2 480 1 640
6 480 1 640
landscape\30407.jpg
1 619 1 515
22 683 49 515
60 683 38 497
landscape\30451.jpg
1 588 52 916
108 583 1 735
30 537 75 770
landscape\30463.jpg
30 444 20 585
60 383 52 530
41 405 41 530
landscape\30490.jpg
121 591 1 876
188 591 1 876
106 591 1 872
landscape\30498.jpg
117 683 1 914
117 683 38 914
1 683 200 702
landscape\30499.jpg
117 634 1 914
66 590 2 914
91 579 41 914
landscape\30513.jpg
1 683 1 585
135 683 1 568
95 649 40 902
landscape\30872_h.jpg
15 580 1 417
2 580 2 417
6 580 13 417
landscape\3280_h.jpg
1 324 1 580
5 367 1 580
11 275 4 580
landscape\34024.jpg
15 330 1 533
73 311 1 533
65 302 2 533
landscape\3444_h.jpg
40 387 1 580
1 387 1 580
1 387 4 580
landscape\37867.jpg
1 537 1 800
19 493 1 800
21 484 6 800
landscape\37868.jpg
5 600 1 800
66 600 7 800
143 600 37 800
landscape\3810.jpg
23 446 12 604
111 301 12 604
8 453 1 604
landscape\38184.jpg
1 534 1 800
7 534 7 800
15 534 10 800
landscape\38195.jpg
51 520 1 729
87 520 1 800
60 520 10 800
landscape\38200.jpg
52 534 1 800
155 485 1 800
133 522 25 800
landscape\38207.jpg
1 459 1 800
12 398 1 800
1 405 10 800
landscape\38220.jpg
1 504 51 800
28 436 1 800
118 322 166 800
landscape\38227.jpg
58 534 1 800
152 448 2 800
28 404 8 800
landscape\38228.jpg
16 456 1 800
141 430 3 800
60 457 1 800
landscape\38247.jpg
65 512 1 800
189 505 2 794
55 495 1 800
landscape\38248.jpg
100 532 1 800
291 529 1 800
130 510 5 800
landscape\3828.jpg
1 752 1 1200
88 790 1 1187
218 792 15 1200
landscape\3832.jpg
155 900 38 1200
240 892 25 1200
191 900 46 1200
landscape\4020_h.jpg
73 364 1 580
169 361 2 580
75 351 1 580
landscape\4037_h.jpg
82 367 1 580
100 367 2 580
71 367 3 580
landscape\417445.jpg
1 202 1 432
1 216 1 432
1 216 1 432
landscape\418193.jpg
1 602 1 481
5 630 1 481
1 630 2 481
landscape\4185_h.jpg
1 365 156 537
3 365 3 580
7 365 2 580
landscape\419997.jpg
1 561 1 474
3 602 4 474
3 602 2 474
landscape\420404.jpg
1 200 1 160
1 211 1 160
3 211 4 160
landscape\421039.jpg
1 587 1 430
4 620 4 430
6 620 1 430
landscape\421055.jpg
1 541 1 427
2 640 1 427
2 640 6 427
landscape\4319_h.jpg
9 660 1 421
1 660 1 421
2 660 2 421
landscape\43906.jpg
18 833 43 1200
10 886 2 1190
2 781 5 1200
landscape\4493_h.jpg
1 660 1 464
1 660 1 464
4 660 1 464
landscape\45117.jpg
56 402 1 604
109 332 2 604
36 275 1 604
landscape\45608.jpg
1 900 123 1355
157 900 228 1292
58 849 3 1355
landscape\45618.jpg
170 868 1 1355
216 862 2 1355
104 868 9 1355
landscape\470695.jpg
1 409 1 640
1 425 2 640
2 425 2 640
landscape\470725.jpg
36 629 1 512
1 640 1 512
1 640 1 512
landscape\471076.jpg
1 373 1 612
3 406 1 610
8 409 1 555
landscape\471465.jpg
20 428 1 640
1 428 1 640
2 428 2 640
landscape\48653.jpg
1 424 1 604
1 327 1 604
2 453 1 604
landscape\48664.jpg
47 449 1 604
1 449 1 604
3 424 2 604
landscape\48665.jpg
43 453 1 604
22 447 1 604
29 385 1 603
landscape\48673.jpg
1 380 1 604
1 424 1 604
1 424 1 604
landscape\48692.jpg
14 448 1 604
1 453 2 604
7 278 1 604
landscape\48693.jpg
1 416 1 604
1 306 1 604
1 258 1 601
landscape\48711.jpg
51 604 1 404
1 603 1 404
1 604 1 404
landscape\48712.jpg
42 403 1 604
1 400 1 604
77 354 1 604
landscape\49759.jpg
1 505 1 400
153 529 1 400
1 201 1 400
landscape\49790.jpg
63 562 1 800
123 596 33 800
1 600 331 694
landscape\49800.jpg
96 600 1 800
1 445 1 800
32 458 1 800
landscape\49812.jpg
1 540 1 400
37 600 1 400
1 600 1 400
landscape\49814.jpg
1 497 1 800
1 533 2 800
1 487 3 800
landscape\49817.jpg
53 467 1 800
1 467 1 793
1 467 1 800
landscape\49821.jpg
60 492 55 770
89 470 1 800
115 434 80 800
landscape\49822.jpg
51 533 1 800
3 533 1 800
75 431 1 800
landscape\49826.jpg
1 541 1 400
1 600 1 400
1 600 1 400
landscape\49827.jpg
1 554 1 400
1 600 1 400
1 600 1 400
landscape\49843.jpg
1 451 1 800
1 374 1 800
86 533 1 800
landscape\49854.jpg
1 470 1 800
53 530 1 800
59 440 3 800
landscape\49870.jpg
29 587 23 405
2 604 1 405
1 604 1 405
landscape\499069.jpg
1 396 16 616
3 417 1 640
1 417 1 640
landscape\499074.jpg
17 367 23 559
1 374 1 590
1 374 1 590
landscape\499089.jpg
1 441 1 720
3 480 3 720
1 480 1 720
landscape\499296.jpg
45 518 1 720
2 518 1 720
4 518 1 720
landscape\51628.jpg
64 590 1 800
2 600 1 797
2 429 2 800
landscape\51643.jpg
1 520 1 400
1 502 47 400
2 576 2 400
landscape\51644.jpg
1 508 1 800
1 533 1 800
42 533 1 800
landscape\5262_h.jpg
15 463 1 660
1 472 1 660
2 472 1 660
landscape\5421.jpg
1 640 1 853
1 640 2 853
1 640 1 853
landscape\5438_h.jpg
1 455 1 853
1 426 1 853
1 480 2 853
night\11788.jpg
348 900 1 1200
5 897 1 1192
232 900 5 1200
night\11795.jpg
54 822 77 940
1 822 1 956
179 725 8 1178
night\11803.jpg
77 804 1 1097
2 870 5 1097
15 771 1 1097
night\11805.jpg
113 444 85 494
1 452 1 562
59 406 10 562
night\12408.jpg
1 882 1 1200
39 834 5 1200
58 819 11 1200
night\12410.jpg
1 876 1 1200
22 823 8 1200
164 815 1 1200
night\12415.jpg
8 791 1 1200
16 819 2 1200
36 736 10 1200
night\12436_h.jpg
77 590 47 762
4 574 2 796
90 536 1 796
night\12510.jpg
47 370 29 531
2 392 1 556
1 425 83 468
night\12556_h.jpg
180 898 1 1200
11 896 3 1200
30 874 4 1189
night\12561.jpg
92 480 49 640
1 480 1 640
10 454 1 640
night\12564.jpg
1 426 125 513
10 426 1 640
8 365 9 640
night\12566.jpg
1 896 114 1052
101 645 140 988
37 852 17 1105
night\12569.jpg
1 733 70 627
1 773 5 678
28 1152 113 900
night\12587_h.jpg
70 429 1 593
14 443 1 600
93 349 1 600
night\12616.jpg
1 614 1 473
131 614 1 500
150 591 1 500
night\16118.jpg
42 899 205 1097
23 887 1 1096
77 864 2 1097
night\17462.jpg
1 412 1 1024
1 468 43 945
42 520 3 1024
night\17463.jpg
188 837 1 511
158 898 1 511
1 856 6 511
night\17465.jpg
1 675 63 934
4 634 82 979
4 663 170 743
night\17510.jpg
10 389 1 533
18 400 2 533
33 400 1 533
night\20381.jpg
1 661 1 980
20 681 1 973
23 681 3 1024
night\20403.jpg
7 534 87 780
1 533 52 798
58 534 23 798
night\20431.jpg
46 534 1 796
49 534 53 796
65 534 30 796
night\20436.jpg
162 600 1 800
151 597 1 800
27 600 10 800
night\20437.jpg
48 541 1 847
74 538 1 764
95 518 2 847
night\21424.jpg
1 600 99 800
6 523 8 800
1 600 104 800
night\23502.jpg
88 430 146 672
12 393 91 672
4 384 5 672
night\23556.jpg
40 599 1 799
1 526 1 799
53 500 6 799
night\23834.jpg
63 665 1 1000
137 747 1 848
46 690 1 996
night\23854.jpg
79 750 1 916
145 562 1 1000
157 750 1 894
night\23855.jpg
79 750 1 995
79 750 11 1000
137 715 2 994
night\23870.jpg
113 642 56 938
140 654 1 887
11 652 1 1000
night\23875.jpg
1 598 1 934
5 635 144 946
52 601 8 946
night\23876.jpg
108 684 1 1000
51 684 2 1000
84 638 4 1000
night\23893.jpg
1 649 19 1000
6 665 10 1000
1 621 4 1000
night\23894.jpg
114 898 1 665
2 1000 1 665
190 832 6 665
night\23898.jpg
1 665 43 858
68 665 22 943
173 665 23 957
night\23900.jpg
1 995 71 665
1 995 30 665
20 995 87 665
night\24126.jpg
15 773 53 515
7 800 22 562
8 778 57 517
night\25389.jpg
348 900 1 1200
365 900 1 1200
238 805 15 1200
night\25393.jpg
207 1200 1 900
264 1200 3 900
8 1200 17 900
night\25562.jpg
1 802 60 1200
311 866 205 1191
58 825 11 1200
night\28352.jpg
1 446 1 710
1 502 2 799
21 363 18 800
night\28387.jpg
85 455 1 770
118 389 1 770
106 423 10 770
night\28398.jpg
81 530 1 800
110 436 1 800
90 483 7 800
night\29669.jpg
1 558 23 788
94 481 1 800
92 561 28 800
night\30157.jpg
112 750 1 986
9 744 1 958
124 651 10 1000
night\30163.jpg
1 631 1 939
1 750 1 1000
182 638 57 1000
night\3226.jpg
123 680 151 1016
2 622 1 999
15 667 4 1078
night\3247.jpg
1 859 51 1200
4 816 1 1200
26 859 22 1200
night\32558.jpg
8 371 1 500
3 331 2 500
6 437 3 500
night\32605_h.jpg
22 313 1 500
37 313 1 500
44 309 1 500
night\32638.jpg
19 280 1 422
21 261 1 422
42 247 3 422
night\32667.jpg
1 437 1 350
1 435 1 350
110 438 14 328
night\330036.jpg
68 383 1 624
70 383 2 624
94 383 3 624
night\330095.jpg
87 386 1 640
92 384 1 638
77 386 5 640
night\330297.jpg
34 636 4 474
82 535 3 474
10 604 15 441
night\332247.jpg
20 404 80 640
2 426 2 640
22 426 20 604
night\332251.jpg
72 412 1 640
87 409 3 640
64 343 7 640
night\332276.jpg
1 413 1 620
5 413 6 620
13 413 7 620
night\3727.jpg
1 430 1 478
2 430 1 477
1 430 3 474
night\3728.jpg
16 354 1 604
56 401 1 604
31 401 17 604
night\38122.jpg
113 531 1 791
139 531 4 791
153 517 13 791
night\38139.jpg
90 534 1 800
93 534 2 800
61 444 6 800
night\38146.jpg
82 720 1 534
142 671 4 534
190 524 1 514
night\38153.jpg
1 465 36 739
6 465 36 749
32 465 5 749
night\38154.jpg
69 515 20 709
154 379 62 671
1 534 1 800
night\38165.jpg
1 534 147 767
81 534 142 800
120 442 1 786
night\38167.jpg
75 715 1 534
191 715 118 534
76 713 50 534
night\38571.jpg
1 539 80 647
1 539 6 673
21 539 25 800
night\38573.jpg
1 600 34 461
37 600 6 696
16 600 13 677
night\38599.jpg
1 557 77 507
23 557 92 800
31 553 1 575
night\4008.jpg
1 375 27 591
1 375 2 447
1 375 49 550
night\417.jpg
49 444 1 640
43 444 1 640
5 444 12 640
night\41933.jpg
88 776 346 848
108 609 158 838
41 787 1 1170
night\41934.jpg
1 821 46 1200
146 732 1 1200
1 900 1 1200
night\41943.jpg
1 732 1 1200
1 673 2 1200
1 632 1 1200
night\41951.jpg
1 900 97 1132
3 882 1 901
1 900 1 1200
night\41964.jpg
1 453 13 604
9 453 5 149
11 347 14 604
night\41965.jpg
1 423 20 589
31 423 15 602
26 407 1 602
night\42548.jpg
49 664 53 1021
98 664 1 1021
98 664 5 1016
night\42554.jpg
1 403 1 573
6 431 6 573
8 327 2 573
night\42558.jpg
31 1001 21 783
4 889 5 799
26 890 10 799
night\42564.jpg
1 304 1 481
1 304 1 488
6 304 12 500
night\44022.jpg
31 403 72 604
5 278 70 604
28 403 94 604
night\45312.jpg
186 1200 170 868
1 1197 1 893
278 1200 238 840
night\454.jpg
37 634 1 436
6 640 3 479
1 640 58 479
night\470.jpg
1 467 106 640
1 451 5 640
1 437 6 640
night\48854.jpg
19 540 16 900
1 556 2 900
15 470 1 900
night\48860.jpg
107 600 1 859
132 600 31 826
161 600 45 872
night\48867.jpg
1 600 1 392
8 600 6 400
8 600 3 400
night\48874.jpg
1 532 72 880
123 495 20 900
155 479 302 696
night\48885.jpg
68 545 20 898
190 519 220 898
68 545 1 898
night\490.jpg
9 409 1 584
2 409 1 640
4 409 2 640
night\49193.jpg
57 599 1 800
84 599 6 800
2 599 1 800
night\49195.jpg
16 511 1 705
125 511 1 800
1 511 2 800
night\49196.jpg
1 600 33 582
3 600 6 681
1 541 75 474
night\49200.jpg
31 560 37 800
19 560 46 800
28 550 1 800
night\49225_h.jpg
39 604 1 1024
66 599 1 1020
3 604 2 1024
night\494945.jpg
1 584 26 391
13 584 7 391
2 584 2 391
night\495254.jpg
17 456 1 640
7 451 5 586
74 445 10 640
night\495812.jpg
1 348 1 484
5 348 2 515
4 348 1 515
night\50324.jpg
1 758 1 1051
1 758 16 1132
8 758 19 1132
night\51940_h.jpg
1 391 1 603
1 391 1 640
4 391 2 640
night\51966_h.jpg
40 428 1 640
4 424 1 640
8 428 2 640
night\51976_h.jpg
13 426 1 640
3 406 1 610
2 426 1 640
night\52026.jpg
1 423 1 640
1 463 1 640
7 463 2 640
night\52738.jpg
1 411 17 532
1 411 42 533
1 411 43 485
night\52753_h.jpg
1 900 1 1200
1 900 1 1199
1 900 1 1200
night\5695.jpg
155 480 1 791
63 476 1 853
1 480 3 853
night\5696.jpg
63 479 1 846
51 477 1 853
171 479 8 853
night\6130_h.jpg
1 284 1 580
1 298 1 580
22 256 5 580
night\67253.jpg
1 548 30 451
1 604 2 451
6 604 1 451
night\67292.jpg
64 892 88 1200
1 887 6 1088
4 892 2 1200
night\71463.jpg
19 523 14 882
1 522 1 912
1 523 1 912
night\71495.jpg
33 480 1 640
124 480 4 640
97 480 3 640
night\73479.jpg
24 365 66 564
1 419 1 586
2 174 5 640
night\7384.jpg
182 763 1 1194
166 763 1 1194
219 763 4 1194
night\7416.jpg
38 745 1 1049
18 465 4 807
17 800 31 670
night\7418.jpg
1 743 1 1066
2 792 1 1066
1 792 6 1066
night\7424.jpg
1 798 243 814
78 685 286 949
42 798 313 809
night\7432.jpg
1 800 78 836
24 800 1 886
152 696 1 1066
night\7435.jpg
19 795 1 1066
53 681 1 987
135 800 13 425
night\74412.jpg
12 967 1 872
1 947 1 872
4 920 286 872
night\74438.jpg
1 640 14 447
2 615 1 480
1 640 1 480
night\74449.jpg
113 750 1 866
68 740 198 925
2 750 201 727
night\74451.jpg
37 750 1 967
1 749 1 965
6 750 337 836
night\7457.jpg
83 800 1 1039
87 800 1 1048
137 800 11 1066
night\75256.jpg
1 392 1 799
1 298 1 799
4 383 125 799
night\75265.jpg
29 600 1 785
1 599 1 785
1 600 2 785
night\7671_h.jpg
48 371 1 580
1 355 1 580
57 267 1 580
night\78944.jpg
38 1014 1 800
1 1014 4 800
1 1014 1 472
night\78945.jpg
47 716 1 967
79 715 3 922
59 604 10 1049
night\78970.jpg
1 721 1 1061
1 800 1 1061
2 515 5 1061
night\79991.jpg
66 599 1 798
79 568 1 798
116 599 1 798
plant\10368.jpg
1 604 74 402
1 604 1 402
86 563 13 402
plant\11815_h.jpg
125 784 163 1141
2 900 1 1326
261 820 18 1341
plant\11852.jpg
1 405 168 508
1 405 1 604
71 366 35 604
plant\12348.jpg
1 417 80 524
3 396 93 487
6 417 126 462
plant\16268.jpg
213 799 198 1096
175 797 148 1148
227 753 4 1200
plant\16272.jpg
153 690 167 946
111 700 124 962
157 841 10 1190
plant\16278.jpg
1 900 222 943
151 757 180 864
152 818 51 1200
plant\17142.jpg
158 940 1 799
9 940 4 799
35 932 15 799
plant\17170.jpg
62 901 171 768
89 1021 3 768
255 1024 1 761
plant\17173.jpg
68 634 32 437
104 553 24 470
41 640 39 480
plant\17187.jpg
56 640 34 480
2 640 2 480
13 640 90 480
plant\18327.jpg
78 450 29 539
41 393 2 640
53 429 20 640
plant\18506.jpg
1 433 66 616
1 433 55 631
2 429 90 439
plant\18510_h.jpg
49 482 1 584
21 482 1 620
133 445 7 620
plant\18695.jpg
1 344 41 633
2 344 29 640
55 325 32 640
plant\18706_h.jpg
19 463 14 628
4 468 49 631
30 451 43 640
plant\18724.jpg
1 504 1 393
3 482 1 604
37 504 1 630
plant\18724_h.jpg
13 504 1 612
2 504 1 607
36 504 18 630
plant\18939.jpg
15 417 1 640
135 479 1 640
41 480 30 640
plant\18952.jpg
13 402 14 598
14 410 1 598
14 391 6 600
plant\18971_h.jpg
1 569 1 465
1 569 2 462
13 569 7 465
plant\19850.jpg
55 534 51 772
1 531 1 406
6 534 29 800
plant\19853.jpg
1 635 86 994
73 477 359 994
33 627 59 994
plant\19860.jpg
1 683 164 815
18 683 238 858
17 634 2 1024
plant\19863.jpg
1 683 105 893
30 681 2 1024
53 683 35 1024
plant\19875.jpg
37 956 48 683
22 983 11 683
55 934 1 683
plant\19892.jpg
1 534 1 644
1 462 1 674
46 534 1 800
plant\19899.jpg
1 442 1 800
1 455 1 786
21 503 10 800
plant\19905.jpg
79 704 22 580
150 800 26 600
1 800 1 514
plant\19907.jpg
1 689 1 600
6 800 1 600
48 800 11 600
plant\19910.jpg
30 600 99 800
2 600 143 800
54 522 119 800
plant\24571.jpg
1 750 76 909
3 750 2 995
6 750 10 1000
plant\25590.jpg
1 263 1 337
9 263 5 350
1 263 5 350
plant\27557.jpg
133 865 34 959
17 767 1 954
206 687 1 859
plant\27562.jpg
1 900 45 1152
1 900 2 1143
28 882 27 1200
plant\27669.jpg
1 800 1 534
45 800 40 534
46 800 1 534
plant\27690.jpg
41 534 1 663
19 520 60 800
114 491 16 800
plant\29372.jpg
1 482 7 536
3 482 2 643
74 439 6 643
plant\29380.jpg
6 441 12 380
2 436 3 380
1 423 20 360
plant\29393.jpg
80 531 117 759
1 483 1 800
95 545 1 800
plant\31023.jpg
95 1200 1 900
431 1200 73 838
13 1200 28 787
plant\3145.jpg
207 767 7 706
1 767 1 967
184 767 4 1024
plant\33847.jpg
1 400 96 395
1 400 116 533
13 370 13 533
plant\33858.jpg
20 365 1 530
10 317 87 533
66 400 1 533
plant\33865.jpg
1 359 1 300
2 376 6 278
8 376 12 300
plant\33867.jpg
9 392 1 300
1 400 1 300
4 400 1 291
plant\33868.jpg
54 393 58 533
2 400 1 533
33 376 72 533
plant\33870.jpg
30 379 15 503
25 367 24 489
88 400 1 533
plant\33888.jpg
1 354 1 300
4 385 51 300
8 385 5 300
plant\33896.jpg
86 400 41 508
11 400 51 494
75 400 10 533
plant\355040.jpg
1 388 109 553
1 388 5 640
8 388 14 640
plant\355397_h.jpg
2 466 10 404
3 466 1 630
6 466 1 630
plant\355507_h.jpg
1 502 1 640
7 502 2 640
17 502 321 619
plant\355839.jpg
1 333 19 494
5 333 26 488
13 333 1 500
plant\356675.jpg
1 601 1 447
1 630 10 471
6 630 17 436
plant\356735.jpg
22 427 1 550
4 426 1 594
6 427 7 580
plant\356860_h.jpg
1 640 1 427
6 640 4 427
12 640 6 427
plant\3865.jpg
161 900 7 1189
452 900 155 1044
1 900 1 1200
plant\3871.jpg
1 453 25 543
1 453 1 604
1 453 125 561
plant\3877.jpg
1 453 56 604
3 453 6 604
1 453 6 604
plant\3881.jpg
1 584 1 453
19 604 76 453
8 604 76 453
plant\3883.jpg
42 453 1 604
141 453 1 604
1 453 1 604
plant\3890.jpg
1 446 1 591
7 446 1 604
1 446 10 604
plant\3892.jpg
1 445 24 604
1 393 1 604
10 430 2 604
plant\3899.jpg
1 555 1 453
1 604 1 453
1 604 41 419
plant\392897_h.jpg
21 365 1 640
24 365 12 640
73 355 6 610
plant\394088.jpg
1 640 1 603
251 640 1 603
5 640 3 602
plant\394372.jpg
111 475 30 427
1 513 4 405
106 513 108 435
plant\394427.jpg
51 426 1 640
115 426 1 640
63 334 22 630
plant\394432.jpg
55 423 1 640
150 423 2 640
121 406 2 640
plant\394479_h.jpg
1 378 12 631
4 378 2 640
1 378 6 640
plant\41350.jpg
178 813 162 1074
1 211 1 244
106 852 1 1104
plant\41367.jpg
22 480 48 640
31 480 65 640
16 420 10 519
plant\4294.jpg
34 445 53 620
30 368 1 640
35 460 25 622
plant\43142.jpg
1 900 199 1092
1 808 6 1200
86 692 106 1124
plant\43152.jpg
160 819 1 937
7 216 20 304
173 807 25 983
plant\43207.jpg
162 893 119 1100
342 801 3 1197
57 850 44 1164
plant\43210.jpg
1 900 126 1097
45 900 199 1166
36 842 201 1067
plant\43501.jpg
1 947 1 900
217 889 55 900
118 767 61 877
plant\43633.jpg
140 900 20 1171
1 900 1 1200
36 900 1 1200
plant\43738.jpg
1 405 65 444
8 386 1 424
23 387 41 444
plant\43744.jpg
1 450 13 504
4 450 1 514
25 430 7 591
plant\45796.jpg
80 775 54 1329
177 767 50 1311
88 779 60 1305
plant\45804.jpg
1 900 116 1355
150 496 616 1073
15 900 1 1355
plant\469919.jpg
10 426 26 640
3 425 2 616
4 423 1 628
plant\470277.jpg
1 448 8 640
1 448 3 640
1 448 7 640
plant\470406.jpg
1 468 1 640
116 480 1 640
20 480 3 640
plant\470825.jpg
148 428 1 640
160 408 4 640
113 392 21 640
plant\470893.jpg
83 480 1 640
215 439 1 640
140 458 6 640
plant\471961.jpg
38 428 1 640
1 421 5 640
1 428 1 640
plant\471971.jpg
61 480 1 640
123 480 1 640
66 374 1 640
plant\472222.jpg
98 480 4 589
112 480 4 372
139 480 6 370
plant\472663.jpg
15 583 1 428
24 594 14 428
6 594 3 428
plant\473152.jpg
1 640 23 427
1 640 3 427
3 640 1 427
plant\473583.jpg
1 380 7 604
2 405 1 613
7 409 139 382
plant\473584.jpg
1 369 1 640
9 427 6 640
3 311 1 640
plant\473597.jpg
1 398 1 583
2 425 4 640
2 391 4 640
plant\473698.jpg
33 632 1 428
1 639 3 428
8 639 10 428
plant\48803.jpg
47 599 25 771
173 568 17 764
1 600 2 800
plant\48816.jpg
1 600 163 626
2 600 1 800
1 600 8 800
plant\48832.jpg
1 502 1 800
39 398 2 800
4 507 6 800
plant\48836.jpg
1 533 1 800
114 524 1 800
1 527 5 800
plant\51245.jpg
87 458 280 569
161 443 106 611
1 600 1 800
plant\51279.jpg
55 600 50 800
4 600 1 800
73 600 94 800
plant\5237.jpg
1 796 1 480
2 853 1 480
1 853 5 480
plant\57171.jpg
26 800 1 600
1 415 1 600
28 800 1 600
plant\595165.jpg
1 506 1 550
1 597 4 550
4 597 4 543
plant\595300.jpg
30 550 1 436
2 550 1 452
22 550 2 452
plant\595475.jpg
1 540 1 426
2 566 2 426
5 566 10 426
plant\596011.jpg
1 313 1 530
1 313 1 553
1 312 2 553
plant\596917.jpg
12 504 1 559
1 504 1 559
1 504 3 559
plant\597994.jpg
16 574 1 400
1 599 1 400
8 600 3 400
plant\598315_h.jpg
1 442 1 594
1 439 1 614
7 442 5 614
plant\60863.jpg
15 252 1 376
1 249 3 400
14 214 1 400
plant\60917.jpg
1 217 56 400
1 217 1 400
3 217 2 400
plant\63314.jpg
6 441 1 607
3 440 3 587
1 480 60 625
plant\66928.jpg
44 425 26 563
1 469 2 640
21 451 70 640
plant\66969.jpg
17 460 1 640
2 480 1 640
1 480 70 551
plant\66984.jpg
1 480 133 511
12 480 3 465
10 480 134 497
plant\67000.jpg
1 600 155 669
1 600 1 800
1 600 133 701
plant\67132.jpg
53 1200 1 900
118 1200 1 900
1 1200 1 900
plant\67134.jpg
143 832 34 940
87 774 144 1050
153 729 1 1045
plant\67192.jpg
1 900 149 940
2 708 4 849
88 847 166 960
plant\67315.jpg
1 900 249 992
28 858 198 1187
10 900 306 929
plant\67321.jpg
5 885 1 1118
504 878 205 919
1 900 1 1200
plant\67352.jpg
1 425 132 478
69 425 153 604
8 425 125 457
plant\6795.jpg
104 800 1 1066
1 758 1 1040
90 625 1 1066
plant\6796.jpg
15 800 139 782
70 673 1 789
137 640 211 892
plant\6799.jpg
361 908 1 800
157 774 10 800
239 798 81 745
plant\6808.jpg
1 631 1 1044
1 700 1 1047
1 538 1 1066
plant\69327.jpg
1 304 1 500
1 341 1 500
1 342 1 500
plant\71106.jpg
18 430 38 640
1 454 1 640
1 457 1 640
plant\71111.jpg
12 464 41 640
42 480 1 640
6 480 3 640
plant\71133.jpg
1 468 1 640
79 477 1 640
1 358 5 640
plant\71138.jpg
45 470 34 640
1 479 1 640
1 480 1 640
plant\71368.jpg
51 853 65 1128
1 851 1 1144
101 856 57 1144
plant\71375.jpg
1 234 1 376
1 251 1 376
7 252 12 376
plant\71381.jpg
16 500 1 354
1 500 1 376
1 500 2 376
static\10975_h.jpg
1 566 1 618
1 564 2 618
3 374 1 618
static\118950.jpg
1 640 32 606
3 640 2 640
15 640 17 640
static\11904.jpg
1 888 119 1200
3 734 152 1200
39 764 14 1200
static\11919.jpg
1 900 180 1003
24 897 166 993
50 900 153 1007
static\11953.jpg
627 1344 98 784
414 1440 1 810
1 1349 12 810
static\119808.jpg
1 548 1 633
2 544 4 629
21 548 33 610
static\11981.jpg
1 900 143 1138
253 900 67 1165
191 892 31 1200
static\11988.jpg
17 453 1 448
1 453 2 493
19 425 5 546
static\119940.jpg
14 465 10 617
18 464 14 620
32 470 3 606
static\120050.jpg
1 407 1 513
3 407 5 620
1 407 10 620
static\120052.jpg
1 524 1 571
4 524 1 589
226 524 7 589
static\120104.jpg
185 554 1 620
197 554 1 620
168 554 1 620
static\120118.jpg
44 495 1 452
8 484 2 499
33 454 5 499
static\12360.jpg
66 303 74 572
16 343 2 572
22 351 16 320
static\12361.jpg
14 197 20 288
8 222 6 298
1 214 3 298
static\12372.jpg
1 401 165 604
3 401 3 604
72 401 23 604
static\12375.jpg
1 363 42 534
1 401 28 604
62 351 1 604
static\12461.jpg
1 431 79 548
1 427 27 589
11 431 12 592
static\12463.jpg
1 407 1 582
1 355 25 595
16 453 4 604
static\12472.jpg
1 453 49 520
1 450 75 507
53 409 1 604
static\12493.jpg
22 453 9 584
82 440 1 604
1 398 11 604
static\12501.jpg
1 604 15 402
16 604 1 389
1 574 30 402
static\12503.jpg
1 453 1 464
76 441 1 504
65 453 1 604
static\12505.jpg
7 356 1 604
1 339 3 604
14 415 6 604
static\13391.jpg
16 600 101 693
1 600 1 748
4 600 70 758
static\17374.jpg
15 580 154 607
53 513 94 565
10 590 31 760
static\17386.jpg
19 575 19 772
43 528 97 728
24 569 51 752
static\17390.jpg
1 767 122 936
1 768 84 945
28 768 128 945
static\17405.jpg
164 1024 1 768
323 970 4 768
113 1024 10 768
static\17431.jpg
109 768 117 907
81 768 104 1024
70 731 159 1024
static\179079.jpg
23 224 42 300
4 210 1 300
1 224 3 300
static\179118.jpg
100 640 1 600
13 640 1 600
226 551 66 563
static\198816_h.jpg
108 502 21 612
116 496 1 612
148 502 5 612
static\199545.jpg
1 382 37 586
1 382 1 620
4 382 10 620
static\199639_h.jpg
38 624 1 469
76 576 3 469
24 624 14 460
static\20264.jpg
1 534 54 705
1 534 3 800
1 534 1 800
static\20270.jpg
48 528 10 788
19 534 10 800
20 534 22 800
static\20277.jpg
1 713 1 530
1 800 1 534
1 717 1 515
static\20300.jpg
18 758 1 808
1 758 20 768
22 758 1 823
static\20313.jpg
33 600 1 800
8 600 11 800
48 572 4 800
static\20317.jpg
1 616 14 563
1 643 19 553
8 643 65 569
static\21132.jpg
138 1167 38 735
304 1168 38 765
115 1200 70 869
static\21144.jpg
1 519 94 1120
1 549 68 1120
10 514 15 1120
static\21157.jpg
1 800 1 589
1 800 1 600
1 788 6 600
static\21182.jpg
5 600 99 784
1 600 46 790
10 600 33 800
static\21183.jpg
60 541 32 782
49 536 1 792
75 523 17 800
static\21195.jpg
40 528 1 782
16 599 1 748
32 527 6 800
static\21208.jpg
57 592 24 797
71 600 43 779
90 560 1 800
static\21933.jpg
1 1200 1 887
1 929 1 581
19 1200 37 880
static\21945.jpg
1 377 56 577
29 372 69 623
37 416 1 639
static\23438.jpg
40 512 1 466
2 512 2 579
28 511 5 600
static\23457.jpg
1 321 45 281
64 321 44 308
92 298 52 293
static\23737.jpg
1 772 113 893
2 798 73 923
17 752 137 885
static\23763.jpg
1 768 1 1067
78 749 277 970
41 761 217 1067
static\24922.jpg
172 750 41 925
191 750 22 892
232 750 1 954
static\24936.jpg
42 725 221 761
106 676 210 812
128 654 215 923
static\24976.jpg
1 712 86 933
19 712 118 897
6 630 17 436
static\24981.jpg
22 750 156 1000
39 749 176 946
2 744 1 1000
static\25235.jpg
82 804 1 1188
153 748 31 1161
135 758 28 1165
static\25308.jpg
103 834 1 1171
73 834 1 1171
132 834 1 1171
static\25309.jpg
1 827 19 1180
42 816 126 956
51 789 123 1022
static\25311.jpg
119 900 1 1200
156 579 314 972
161 575 363 939
static\30638.jpg
1 458 1 623
4 473 94 621
1 441 1 640
static\30662.jpg
70 602 1 855
41 590 2 874
45 579 1 855
static\3194.jpg
15 391 1 650
5 351 1 643
39 391 41 622
static\34070.jpg
11 400 1 533
64 293 2 532
33 307 4 533
static\34086.jpg
1 358 11 300
4 358 30 300
1 355 89 286
static\34087.jpg
8 370 7 300
12 383 1 300
21 370 1 300
static\34098.jpg
1 383 50 444
2 385 30 502
5 400 34 473
static\34099.jpg
1 400 75 392
7 400 47 436
15 400 89 388
static\34105.jpg
1 400 21 435
1 400 6 437
3 400 6 425
static\34142.jpg
1 400 113 443
33 346 77 415
15 373 1 533
static\3561.jpg
37 453 1 567
124 442 1 604
50 449 2 604
static\3571.jpg
306 1195 33 827
324 1200 1 891
363 1113 18 884
static\3708.jpg
1 900 189 1024
1 896 157 1075
150 900 88 1065
static\37393.jpg
1 480 121 593
177 477 126 584
8 480 23 605
static\37394.jpg
52 439 146 456
47 435 97 492
36 460 105 507
static\38327.jpg
13 534 26 732
10 534 35 577
1 534 33 757
static\38774.jpg
31 616 1 480
5 616 2 480
18 616 11 469
static\38793_h.jpg
1 409 1 607
1 442 1 623
6 442 2 623
static\38804.jpg
4 400 31 622
4 400 9 635
11 374 11 603
static\38856_h.jpg
33 547 1 443
1 576 3 443
1 576 1 443
static\38956.jpg
23 336 1 449
1 336 1 449
10 336 7 449
static\39009.jpg
1 614 1 466
3 630 1 466
1 630 5 466
static\41448.jpg
1 660 1 966
23 660 210 1024
1 660 1 1024
static\41449.jpg
1 722 1 1024
2 722 1 1024
1 722 8 1024
static\41475.jpg
1 768 166 804
16 768 14 876
5 768 1 1024
static\4193.jpg
43 429 1 604
8 453 8 604
63 404 6 604
static\4201.jpg
58 485 1 389
60 475 8 389
45 480 40 389
static\4205.jpg
64 588 1 453
83 585 1 453
88 604 1 453
static\42428.jpg
19 900 83 1160
266 774 149 1125
38 795 72 1188
static\42432.jpg
1 842 65 1200
21 766 14 928
7 627 2 1200
static\42466.jpg
237 819 205 1037
204 822 129 1047
121 878 195 1065
static\42476.jpg
1 851 204 1153
3 851 156 1166
1 851 255 1106
static\4259.jpg
16 453 1 568
99 453 1 529
1 453 6 604
static\42824.jpg
1 842 48 1154
15 842 17 1195
32 638 90 1118
static\42827.jpg
78 839 81 1200
9 825 2 878
96 838 7 1200
static\42830.jpg
65 796 1 1057
1 825 1 1197
27 826 1 1200
static\42846.jpg
1 900 291 1075
50 820 392 1089
2 701 491 1071
static\4290_h.jpg
250 494 1 382
154 494 2 382
1 494 2 382
static\43090.jpg
1 900 1 867
277 844 11 865
1 900 1 917
static\4375.jpg
17 455 47 548
3 484 28 569
14 449 18 569
static\43759.jpg
1 600 54 800
4 600 26 800
1 600 32 800
static\45223.jpg
33 800 55 600
1 800 1 600
1 800 63 600
static\45245.jpg
1 448 10 600
31 448 1 600
1 448 1 600
static\45247.jpg
1 450 37 483
1 450 2 600
2 450 7 546
static\45268.jpg
1 450 162 560
3 450 98 600
1 442 1 600
static\45272.jpg
1 438 97 529
1 450 37 550
2 450 108 529
static\45286.jpg
36 450 1 600
6 450 4 600
39 450 24 600
static\45298.jpg
1 1200 1 900
3 1176 6 895
8 1200 7 900
static\466310.jpg
13 440 1 615
2 440 3 637
1 440 1 637
static\466852_h.jpg
1 422 1 341
1 422 1 602
1 422 1 558
static\49547.jpg
1 452 115 460
1 449 4 595
27 437 133 442
static\49577.jpg
1 435 137 512
53 435 145 604
1 436 136 505
static\49587.jpg
1 453 1 578
64 453 4 604
5 453 1 604
static\51662.jpg
1 600 1 781
1 600 1 793
1 600 1 793
static\51686.jpg
8 600 1 790
2 600 2 800
2 600 2 800
static\51694.jpg
1 600 1 642
1 600 1 800
42 600 24 380
static\51697.jpg
1 586 1 800
3 600 1 800
57 511 1 800
static\51717.jpg
1 600 1 613
1 600 1 631
1 600 1 625
static\51726.jpg
48 526 18 800
2 531 1 799
70 533 3 800
static\55835.jpg
1 450 1 600
1 450 1 600
1 450 1 600
static\5651.jpg
14 480 1 853
1 480 1 853
33 480 1 853
static\5910_h.jpg
1 344 29 553
2 344 1 580
2 344 5 580
static\670889_h.jpg
114 556 28 588
26 589 24 664
64 505 37 692
static\670907_h.jpg
47 500 1 702
3 500 1 699
2 500 7 702
static\73208.jpg
1 682 192 769
2 682 240 699
446 636 348 747
static\7505.jpg
1 800 1 1050
1 791 1 1059
1 800 1 1066
static\75323.jpg
1 581 1 800
1 593 3 800
1 593 81 549
static\8215.jpg
124 1201 22 727
105 1200 41 723
1 1201 93 800
static\8248.jpg
257 739 223 887
216 722 165 883
212 711 132 784
static\8249.jpg
1 800 154 922
1 800 70 951
1 800 144 951
static\8283.jpg
1 1201 23 800
1 1185 1 800
3 1201 3 800
